2026-03-12T16:57:40.415216 | SUMMARY: rebuilt 8 games for slate 2026_03_05
2026-03-12T16:57:40.415854 | SUMMARY: rebuilt 12 games for slate 2026_02_26
2026-03-12T16:57:40.416267 | SUMMARY: rebuilt 5 games for slate 2026_03_09
2026-03-12T16:57:40.416831 | SUMMARY: rebuilt 13 games for slate 2026_03_10
2026-03-12T16:57:40.417267 | SUMMARY: rebuilt 7 games for slate 2026_03_06
2026-03-12T16:57:40.417666 | SUMMARY: rebuilt 4 games for slate 2026_02_27
2026-03-12T16:57:40.418001 | SUMMARY: rebuilt 2 games for slate 2026_03_11
2026-03-12T16:57:40.418462 | SUMMARY: rebuilt 8 games for slate 2026_02_25
2026-03-12T16:57:40.418868 | SUMMARY: rebuilt 6 games for slate 2026_03_02
2026-03-12T16:57:40.419274 | SUMMARY: rebuilt 6 games for slate 2026_03_01
2026-03-12T16:57:40.419717 | SUMMARY: rebuilt 7 games for slate 2026_03_08
2026-03-12T16:57:40.420107 | SUMMARY: rebuilt 5 games for slate 2026_03_04
2026-03-12T16:57:40.420625 | SUMMARY: rebuilt 11 games for slate 2026_03_07
2026-03-12T16:57:40.421188 | SUMMARY: rebuilt 14 games for slate 2026_03_12
2026-03-12T16:57:40.421715 | SUMMARY: rebuilt 11 games for slate 2026_03_03
